Скорость: 38400
Data bits: 8
Stop bits: 2 // похоже что не важно вообще
Parity: even // похоже что не важно вообще

(100)
57 F1 01 64 59 55 00 00

(149)
57 F1 23 95 CE BF 7F 22 0B 1D 02 00 67 8C 75 3B
0D 03 05 00 00 00 00 D9 7F C1 F0 3F 00 00 00 75
A2 F5 E0 3F 00 00 00 00 00 88 48 40 00 00 00 00
00 00 00 00 00 00 00 00 3E 1B 0A 48 00 80 3B 45
28 6B EE 4D 00 00 00 00 00 00 00 00

(152)
57 F1 37 98 55 AB 7F 22 4A 92 48 30 1C 38 18 00
00 00 00 00 00 00 00 00 00 00 00 00 00 00 00 00
00 00 00 00 00 00 00 00 00 00 00 04 80 00 00 00
00 00 00 00 00 00 00 00 00 00 00 00 00 00 00 00
00 00 00 00 00 00 00 00 00 00 00 00 00 00 00 00
00 00 00 00 00 00 00 00 00 00 00 00 00 00 00 00
00 00 00 00 00 00 00 00 00 00 00 00 00 00 00 00
00 00 00 00

(154)
57 F1 0F 9A 11 EE 7F 22 0B 1D 02 00 67 8C 75 3B
0D 03 05 00 00 00 00 A0 F2 D7 8A 3E 28 6B EE 4D
3B B2 5F 36

(102)
57 F1 05 66 AA 58 00 00 4D 01 00 00 00 00 00 00 